0.00 9691.48 2352.34 2801.46 4884.86 10817.97 10559.90 7887.79 6283.34 9225.32 11063.83 11966.52 8249.31 7082.54 8572.52 7309.66 8547.28 5885.22 7161.89 5381.06 
9691.48 0.00 7513.67 6925.70 5764.98 1749.79 1488.81 6784.87 3408.32 2472.94 1375.93 2340.24 2185.37 3445.99 2295.24 2537.16 2927.19 4490.95 3904.27 4310.46 
2352.34 7513.67 0.00 1285.64 2569.38 8785.12 8514.32 5829.86 4144.51 6883.40 8870.52 9733.93 6321.13 5330.19 6242.88 5281.15 6197.76 3533.82 5568.27 3254.49 
2801.46 6925.70 1285.64 0.00 3024.44 8016.54 7758.88 6530.59 3524.56 6722.72 8301.33 9227.80 5452.94 4324.73 6025.18 4510.37 6116.67 3580.20 4473.94 2634.04 
4884.86 5764.98 2569.38 3024.44 0.00 7316.06 7031.65 3529.46 2940.54 4561.38 7020.32 7753.44 5271.57 4785.28 4016.35 4147.11 3822.70 1282.81 5264.36 2411.05 
10817.97 1749.79 8785.12 8016.54 7316.06 0.00 284.71 8534.66 4652.77 4171.89 1554.58 2363.50 2617.06 3935.69 4044.90 3516.50 4672.87 6073.38 4168.71 5531.13 
10559.90 1488.81 8514.32 7758.88 7031.65 284.71 0.00 8270.62 4378.18 3933.93 1483.49 2376.02 2387.19 3720.03 3782.72 3253.17 4415.87 5788.67 3981.95 5259.87 
7887.79 6784.87 5829.86 6530.59 3529.46 8534.66 8270.62 0.00 5533.09 4500.07 7600.91 7935.18 7391.60 7466.75 4490.10 6430.14 3877.09 3639.42 8053.43 5467.34 
6283.34 3408.32 4144.51 3524.56 2940.54 4652.77 4378.18 5533.09 0.00 3551.16 4781.92 5703.42 2351.65 1954.42 2819.41 1227.83 3157.80 1985.98 2523.36 903.17 
9225.32 2472.94 6883.40 6722.72 4561.38 4171.89 3933.93 4500.07 3551.16 0.00 3102.44 3494.30 3942.59 4746.39 732.03 3519.19 763.66 3368.62 5346.02 4241.57 
11063.83 1375.93 8870.52 8301.33 7020.32 1554.58 1483.49 7600.91 4781.92 3102.44 0.00 1020.53 3365.53 4695.44 3225.42 3890.24 3754.85 5737.68 5085.40 5683.04 
11966.52 2340.24 9733.93 9227.80 7753.44 2363.50 2376.02 7935.18 5703.42 3494.30 1020.53 0.00 4385.97 5713.74 3801.94 4876.42 4225.96 6475.75 6105.65 6596.94 
8249.31 2185.37 6321.13 5452.94 5271.57 2617.06 2387.19 7391.60 2351.65 3942.59 3365.53 4385.97 0.00 1349.27 3391.42 1126.31 4011.34 4184.91 1728.33 3124.77 
7082.54 3445.99 5330.19 4324.73 4785.28 3935.69 3720.03 7466.75 1954.42 4746.39 4695.44 5713.74 1349.27 0.00 4083.33 1233.29 4611.64 3937.50 619.65 2400.03 
8572.52 2295.24 6242.88 6025.18 4016.35 4044.90 3782.72 4490.10 2819.41 732.03 3225.42 3801.94 3391.42 4083.33 0.00 2850.24 657.85 2773.48 4692.20 3516.49 
7309.66 2537.16 5281.15 4510.37 4147.11 3516.50 3253.17 6430.14 1227.83 3519.19 3890.24 4876.42 1126.31 1233.29 2850.24 0.00 3383.12 3087.99 1845.86 2040.63 
8547.28 2927.19 6197.76 6116.67 3822.70 4672.87 4415.87 3877.09 3157.80 763.66 3754.85 4225.96 4011.34 4611.64 657.85 3383.12 0.00 2665.76 5227.99 3740.21 
5885.22 4490.95 3533.82 3580.20 1282.81 6073.38 5788.67 3639.42 1985.98 3368.62 5737.68 6475.75 4184.91 3937.50 2773.48 3087.99 2665.76 0.00 4489.86 1832.98 
7161.89 3904.27 5568.27 4473.94 5264.36 4168.71 3981.95 8053.43 2523.36 5346.02 5085.40 6105.65 1728.33 619.65 4692.20 1845.86 5227.99 4489.86 0.00 2854.71 
5381.06 4310.46 3254.49 2634.04 2411.05 5531.13 5259.87 5467.34 903.17 4241.57 5683.04 6596.94 3124.77 2400.03 3516.49 2040.63 3740.21 1832.98 2854.71 0.00 
