0.00 3884.74 7143.20 3622.99 3773.70 2944.98 10834.43 8735.66 3865.36 4236.48 5141.48 10350.78 7473.07 1281.27 7203.58 4197.65 1407.53 8567.29 4117.98 1565.24 8808.44 5686.73 6188.57 7345.82 8657.26 6132.91 7069.40 8166.37 6558.21 8917.94 5482.39 1841.46 7905.32 5423.85 9325.43 5374.55 1433.77 2772.01 6764.89 7096.27 3230.27 7750.27 5220.00 5104.13 8712.07 2526.95 1094.49 5708.89 5628.23 2096.58 7491.34 7422.91 8481.64 3027.30 4385.98 6061.24 6168.94 7427.77 5984.46 8848.46 7767.00 5375.54 4959.73 8840.79 8504.10 8258.61 7261.09 4988.51 4302.18 1003.86 7027.00 4521.44 6924.00 4395.96 10313.70 5712.54 10003.44 2716.92 7088.38 1349.72 732.19 5561.96 3548.44 3667.78 10281.33 6045.15 6843.50 3454.21 4944.43 2546.52 5582.57 1306.31 5183.97 248.00 7554.01 6537.68 4403.66 5585.99 4310.99 1245.10 1651.93 1799.57 6045.47 2918.29 4662.52 8496.05 2009.71 5436.80 4938.28 4151.56 7117.72 2383.88 2953.41 7781.03 5853.64 3190.75 7322.29 5401.36 5060.57 8057.48 
3884.74 0.00 5778.53 5135.85 6594.98 2552.53 8243.78 7484.55 783.31 1028.76 4448.83 7743.61 3618.43 4950.02 8277.59 5796.47 2526.01 6823.64 290.16 2491.54 7022.13 3861.41 5859.02 4551.93 5706.23 2899.13 8194.47 8135.67 4684.10 5712.23 6313.65 5723.06 4074.71 7080.91 7483.11 7524.70 5311.98 2859.91 6922.06 8719.17 4593.71 5266.86 3269.34 1234.25 6236.96 2058.90 4979.17 5401.52 1779.50 2787.93 4837.20 8488.29 5590.63 1788.52 3119.69 5906.48 2416.78 3649.80 3335.18 6951.81 4780.38 3277.76 1200.37 6253.98 6897.92 6063.08 4496.19 2040.38 4229.66 2989.14 5553.11 6673.21 3377.65 636.62 7967.85 3871.35 7903.49 1557.71 3553.81 5044.67 3190.34 3283.35 3321.92 1857.26 7903.60 7293.45 6787.90 1400.44 7198.32 5646.40 6548.39 2593.60 2207.68 4108.28 8001.00 3738.56 644.83 7108.59 1750.18 3630.72 4938.42 4477.67 5154.58 5259.43 1893.36 8014.69 5689.73 5314.68 1825.36 2876.01 4145.08 1794.32 1129.01 3966.18 6878.68 5879.98 7981.65 5951.29 1989.97 9076.59 
7143.20 5778.53 0.00 4521.24 6518.78 4320.80 4261.33 1719.69 6560.20 6772.32 2029.62 3881.67 7183.39 8386.51 4636.24 4603.41 6164.53 1478.45 5947.72 5885.41 1722.87 1919.76 1760.83 2739.33 3430.76 3813.11 4663.39 3077.55 1230.94 4168.70 3547.02 8269.51 7633.87 4952.34 2233.43 5875.15 8180.99 4400.51 2665.48 5699.92 4469.30 2135.68 2509.20 6053.46 2501.15 4976.34 7829.11 1920.12 6353.77 7715.55 2452.17 4747.34 3220.02 4668.59 2926.98 2034.45 5133.05 7641.59 2821.52 1831.60 3215.76 2516.15 6411.20 2775.57 1366.89 1779.39 2677.37 3882.34 2946.92 6299.68 261.49 5549.16 4530.37 6174.63 3519.50 1911.89 3019.13 5181.74 4517.35 7283.89 6574.72 2571.79 3595.86 4149.19 3526.49 4421.13 2302.25 4639.68 5892.79 6603.19 3783.12 6319.95 7810.20 7189.11 3597.84 2856.09 5364.92 4762.06 4029.14 7889.33 6670.80 5960.02 1184.24 5550.43 7621.41 2522.19 7558.91 2233.62 4136.61 3204.08 3124.01 6815.17 6457.73 5877.16 3950.21 6096.36 3880.50 3111.91 7588.95 5061.00 
3622.99 5135.85 4521.24 0.00 2082.96 2599.27 8732.59 5777.58 5647.33 6030.89 2654.08 8312.87 8373.32 4586.17 3611.86 678.73 3509.53 5987.98 5423.97 3283.47 6229.16 3955.64 3030.23 5991.01 7215.10 5630.53 3485.82 4650.67 4530.25 7750.72 1877.88 4055.13 8872.27 2005.50 6725.40 2397.19 4124.65 2276.44 3270.00 3710.96 547.95 5980.17 3852.96 6192.30 6754.72 3116.81 3840.56 2659.99 6726.21 5228.88 5953.40 3833.51 7000.14 3354.73 2985.59 2817.93 6413.10 8576.63 4910.69 6352.40 6531.83 4058.02 6304.64 6974.47 5827.24 6113.96 5896.30 4694.34 1794.41 3290.48 4520.07 1586.28 6621.18 5769.90 8030.28 3984.03 7537.56 3623.67 6730.19 3130.35 3436.48 4317.93 2061.82 3533.02 8030.29 2465.71 3429.40 3820.37 2108.64 2126.45 1960.37 3611.96 7235.24 3534.73 3949.87 5417.02 5243.80 2095.55 4146.78 4782.55 2448.18 1885.85 3343.68 1062.57 6799.11 5131.93 3205.27 2336.52 4830.53 2982.78 6018.45 4820.30 4947.74 7902.53 2232.65 1577.72 3701.12 1893.34 7037.41 4469.44 
3773.70 6594.98 6518.78 2082.96 0.00 4268.40 10765.97 7608.63 6936.93 7336.11 4729.12 10358.81 10074.43 4186.90 4221.87 1927.25 4391.35 7958.52 6882.65 4272.89 8194.42 6033.01 4892.48 8066.06 9297.45 7596.64 4068.81 5994.40 6609.31 9825.09 3290.38 3173.88 10563.02 2344.07 8674.20 1828.41 3486.95 3911.92 4769.25 3689.19 2395.36 8061.52 5896.66 7767.17 8821.49 4551.98 3371.11 4607.43 8319.07 5810.38 8035.17 4408.86 9082.75 4936.77 4995.65 4642.79 8242.58 10203.52 6946.05 8337.46 8603.56 6101.74 7795.36 9046.82 7772.27 8167.21 7971.26 6582.19 3876.25 3998.37 6543.67 1256.57 8575.32 7224.09 10038.23 6061.57 9510.01 5040.17 8696.70 2622.19 3992.98 6359.83 3993.87 5289.84 10044.62 3181.99 5033.97 5455.78 1401.97 1234.66 3195.05 4427.32 8477.71 3572.53 5067.88 7467.36 6850.35 2591.64 5968.98 5009.84 2123.38 2206.80 5363.35 1371.14 7988.56 6679.64 2242.65 4288.01 6681.51 4948.27 8074.92 5760.58 6099.19 9796.75 3289.04 715.14 4690.44 3560.06 8306.53 4984.09 
2944.98 2552.53 4320.80 2599.27 4268.40 0.00 7890.21 5992.82 3131.97 3496.23 2447.92 7407.86 5827.53 4225.48 5794.36 3249.84 1843.74 5688.51 2837.42 1565.09 5925.09 2743.93 3753.74 4460.23 5776.83 3496.65 5700.87 5984.75 3624.45 6112.25 3828.31 4440.14 6321.77 4528.38 6438.64 4996.14 4204.02 356.69 4654.80 6174.22 2067.37 4811.90 2280.81 3595.80 5768.40 725.41 3831.54 3257.26 4134.03 3465.85 4575.65 6010.31 5590.65 764.13 1451.09 3720.54 3982.04 5998.12 3124.63 5945.99 4918.93 2445.00 3707.34 5902.23 5654.35 5317.76 4371.61 2389.59 1872.89 2012.60 4172.44 4164.56 4424.49 3181.40 7372.89 2769.37 7083.12 1142.08 4565.35 3512.60 2298.08 2648.01 896.83 1028.86 7338.91 4767.18 4600.91 1224.87 4690.95 3554.54 4046.00 1999.16 4708.49 3048.45 5668.63 3685.98 2649.63 4558.87 1730.06 3570.18 3108.50 2445.96 3333.01 2897.29 4310.40 6072.67 4019.86 3076.99 2448.16 1207.33 4290.43 2695.51 2580.47 5561.66 4375.07 3567.04 5586.00 3515.34 4501.09 6617.42 
10834.43 8243.78 4261.33 8732.59 10765.97 7890.21 0.00 3782.06 8958.73 8995.81 6108.94 500.86 7653.04 12115.42 8504.89 8859.96 9612.26 2923.32 8275.83 9365.32 2725.64 5160.40 5988.34 3695.51 2624.12 5372.39 8572.38 6369.26 4334.72 2993.54 7773.41 12225.62 7914.97 9166.33 2387.78 10099.68 12055.24 8093.12 6650.50 9664.98 8608.53 3099.34 5616.88 7860.86 2122.90 8371.87 11686.76 6181.05 7862.83 10817.49 3441.50 8555.60 2688.82 7922.48 6464.92 6260.35 6365.54 8225.04 5004.55 2519.55 3500.58 5470.84 8283.05 2022.16 3182.13 2641.47 3757.07 6258.63 7032.67 9877.00 4222.32 9809.53 5279.50 8343.99 856.77 5133.45 1571.67 8370.74 5134.00 11248.96 10165.95 5309.41 7417.75 7280.59 798.86 8553.85 6278.41 7651.67 10142.25 10753.74 7991.88 9762.58 9648.86 10936.05 7275.05 4524.73 7634.76 8959.28 6796.01 11301.54 10695.75 9972.08 5402.65 9726.41 9686.88 5431.80 11615.12 6491.97 6438.71 6686.22 4106.04 9804.35 9254.18 5942.34 8117.68 10309.40 7667.51 7359.16 9462.67 8677.92 
8735.66 7484.55 1719.69 5777.58 7608.63 5992.82 3782.06 0.00 8267.40 8468.26 3598.68 3576.06 8600.36 9950.09 4758.73 5693.23 7832.55 1161.88 7644.88 7550.68 1211.06 3623.67 2749.10 3919.66 4103.22 5320.57 4838.00 2588.96 2835.83 4876.05 4366.47 9720.54 9020.33 5673.67 1397.37 6607.04 9681.39 6041.07 3025.12 5935.74 5844.13 3093.34 4218.13 7692.68 2863.85 6667.42 9342.78 3139.32 7953.55 9417.76 3562.02 4793.87 3938.92 6378.13 4631.90 2978.39 6642.60 9095.82 4393.24 1464.85 4258.88 4209.57 8065.36 3143.34 880.50 2277.56 3888.95 5547.49 4448.27 7937.47 1932.41 6491.60 5890.54 7859.68 2927.09 3613.28 2230.29 6892.14 5841.30 8743.61 8205.14 4236.56 5216.92 5867.98 2984.46 4960.43 2678.14 6359.25 6730.65 7903.78 4532.29 7987.14 9477.78 8760.68 3506.92 4296.74 7049.45 5440.50 5738.20 9546.84 8098.21 7412.17 2692.27 6839.08 9310.47 1667.99 8944.35 3455.90 5799.22 4910.27 4392.77 8529.27 8177.41 7142.92 4582.64 7300.88 3914.00 4049.00 9258.26 4895.94 
3865.36 783.31 6560.20 5647.33 6936.93 3131.97 8958.73 8267.40 0.00 399.35 5186.21 8459.92 3661.08 4786.54 8917.47 6320.46 2638.33 7603.61 683.19 2688.22 7800.52 4643.98 6594.75 5278.73 6391.72 3589.85 8827.58 8873.37 5466.90 6343.45 6949.89 5696.04 4065.86 7628.96 8258.38 8007.00 5247.69 3400.92 7634.32 9296.81 5099.61 6017.80 4051.19 1426.78 6979.55 2530.83 4944.36 6128.49 1858.48 2377.92 5576.54 9131.53 6287.86 2382.82 3863.02 6629.84 2903.25 3568.56 4098.15 7726.88 5473.67 4061.07 1149.93 6984.90 7680.17 6828.31 5227.59 2807.78 4903.01 3095.63 6335.70 7137.71 3948.58 699.37 8710.29 4654.12 8664.70 2026.45 4124.05 5128.47 3239.26 4064.94 3962.63 2575.94 8643.52 7899.07 7515.28 2089.43 7657.47 5903.34 7174.05 2661.47 1587.96 4105.58 8700.52 4479.17 1326.83 7675.62 2531.10 3363.37 5126.16 4757.26 5916.06 5645.48 1182.23 8777.39 5791.60 6024.75 2582.73 3609.52 4852.78 1527.11 913.13 4327.01 7503.76 6227.80 8661.39 6610.44 1392.36 9730.81 
4236.48 1028.76 6772.32 6030.89 7336.11 3496.23 8995.81 8468.26 399.35 0.00 5477.42 8499.57 3348.04 5120.20 9268.37 6702.30 3032.04 7762.77 824.72 3086.58 7952.56 4852.56 6887.61 5341.28 6403.72 3626.47 9181.08 9164.41 5648.53 6307.03 7301.36 6059.85 3733.21 8006.71 8398.88 8396.42 5604.70 3775.23 7946.39 9668.13 5483.59 6111.28 4266.46 1257.29 7057.29 2914.38 5308.58 6428.97 1602.08 2647.75 5654.26 9481.14 6312.26 2739.50 4148.44 6933.34 2804.79 3219.29 4221.43 7867.49 5497.68 4259.48 900.53 7046.37 7852.88 6945.80 5296.22 2951.22 5236.75 3487.18 6541.16 7529.04 3885.01 653.70 8784.19 4860.72 8770.61 2407.31 4057.91 5512.33 3623.78 4241.28 4309.33 2880.13 8713.81 8261.74 7815.61 2408.70 8049.63 6301.62 7529.59 3050.96 1212.26 4478.70 9021.39 4564.33 1434.87 8048.99 2757.32 3674.44 5520.98 5156.44 6179.14 6042.84 864.94 9037.74 6176.83 6337.91 2712.05 3903.78 4895.55 1872.50 1295.28 4137.19 7859.68 6626.79 8993.78 6952.15 1007.40 10075.92 
5141.48 4448.83 2029.62 2654.08 4729.12 2447.92 6108.94 3598.68 5186.21 5477.42 0.00 5676.17 6796.82 6370.41 4159.89 2913.98 4262.07 3497.41 4680.60 3978.29 3742.28 1463.77 1410.19 3447.55 4604.22 3557.66 4118.35 3687.80 1881.97 5192.02 2397.92 6243.15 7290.34 3678.41 4257.19 4497.98 6151.53 2454.03 2512.19 4931.43 2500.05 3338.05 1652.82 5083.80 4102.13 3157.77 5800.45 968.03 5514.61 5913.08 3356.86 4343.28 4386.02 2966.36 1330.21 1476.37 4676.63 7143.09 2621.91 3824.26 3999.57 1821.55 5356.15 4320.39 3395.91 3474.53 3355.00 3012.55 931.62 4342.75 1958.92 3955.76 4516.80 4974.66 5443.57 1487.95 5011.69 3469.51 4581.75 5257.21 4607.90 2055.62 1623.27 2611.98 5434.44 3460.35 2344.24 3107.90 4393.25 4646.05 2674.04 4414.81 6635.81 5175.51 3618.40 3022.92 4216.97 3567.23 2807.67 5960.38 4652.76 3937.42 906.58 3619.09 6341.28 3651.75 5551.87 977.37 3241.05 1576.69 3572.33 5102.53 4868.99 5900.17 2962.73 4218.58 3676.87 1919.37 6413.71 4857.60 
10350.78 7743.61 3881.67 8312.87 10358.81 7407.86 500.86 3576.06 8459.92 8499.57 5676.17 0.00 7218.51 11631.99 8237.60 8462.63 9120.74 2619.82 7776.92 8875.34 2446.40 4685.50 5628.37 3194.74 2144.59 4874.92 8298.08 6160.64 3874.98 2567.42 7417.54 11758.50 7495.04 8817.55 2184.53 9746.87 11581.31 7616.19 6348.74 9384.54 8172.46 2607.40 5131.28 7370.30 1640.20 7881.34 11212.08 5794.75 7380.90 10317.66 2941.64 8299.23 2198.40 7429.09 5988.60 5901.78 5883.07 7788.59 4505.17 2218.73 3007.32 4982.11 7792.39 1524.96 2897.32 2201.64 3256.21 5757.83 6594.47 9389.74 3822.68 9427.74 4802.76 7847.39 792.78 4658.22 1470.30 7874.83 4660.52 10784.13 9678.75 4816.74 6951.94 6786.14 693.63 8230.68 5974.34 7154.00 9774.10 10315.29 7643.59 9270.64 9163.37 10455.27 7028.61 4023.91 7135.50 8616.87 6296.91 10806.75 10238.32 9514.59 4998.96 9295.23 9195.32 5242.42 11160.11 6100.58 5937.90 6205.88 3607.65 9304.10 8753.34 5512.34 7783.45 9887.44 7408.02 6991.86 8975.60 8453.65 
7473.07 3618.43 7183.39 8373.32 10074.43 5827.53 7653.04 8600.36 3661.08 3348.04 6796.82 7218.51 0.00 8446.62 10953.38 8976.90 6141.58 7581.54 3363.68 6108.09 7688.48 5552.55 8059.00 4713.98 5142.12 3387.67 10905.58 10142.62 5959.78 4659.53 9099.21 9314.35 501.35 10148.56 7989.51 10750.67 8883.25 6179.66 9234.41 11638.82 7868.15 5585.90 5162.23 2384.18 6252.49 5545.95 8564.89 7724.50 1846.04 5992.61 5084.02 11139.50 5169.50 5137.75 5644.86 8210.56 2125.95 574.23 4406.55 7510.85 4511.63 5023.07 2522.50 6105.14 7784.03 6496.64 4730.46 3815.42 7010.64 6605.83 6921.91 9958.66 2713.54 3077.27 7765.03 5542.41 8026.02 5089.99 2780.66 8662.53 6797.88 4835.95 6339.10 4842.42 7670.04 10157.66 8985.40 4619.81 10481.95 9213.51 9366.33 6201.73 3004.48 7704.37 10342.60 4335.42 3236.29 10116.70 4244.98 7018.99 8543.72 8042.80 7137.79 8708.56 3388.23 9703.23 9308.07 7773.92 3619.01 5527.22 4220.60 5187.00 4545.07 1712.73 9682.48 9363.39 10454.41 8653.30 2952.32 11649.29 
1281.27 4950.02 8386.51 4586.17 4186.90 4225.48 12115.42 9950.09 4786.54 5120.20 6370.41 11631.99 8446.62 0.00 8041.97 5074.97 2617.05 9823.09 5152.04 2813.97 10065.31 6965.56 7344.96 8619.94 9929.22 7367.30 7899.30 9220.96 7833.41 10174.04 6463.25 1252.11 8850.10 6182.35 10582.72 5956.35 769.06 4043.32 7825.60 7773.87 4278.89 9031.47 6501.28 6127.20 9993.17 3795.04 819.23 6878.11 6622.44 2592.12 8770.05 8255.14 9755.73 4288.08 5663.32 7197.33 7311.91 8338.89 7256.65 10111.48 9033.88 6656.48 5926.39 10121.98 9751.12 9535.96 8535.93 6229.10 5502.54 2264.82 8279.24 5174.03 8123.58 5392.17 11590.70 6991.53 11271.87 3943.02 8291.43 1588.11 1979.24 6841.46 4801.02 4933.41 11559.24 6889.33 7938.50 4690.86 5516.69 2992.61 6526.21 2490.05 5901.39 1198.30 8531.36 7807.47 5518.70 6376.50 5559.60 1489.89 2225.61 2701.54 7268.62 3703.25 5382.61 9618.20 1994.29 6591.61 6163.30 5431.42 8382.04 3259.72 3908.84 8904.17 6767.56 3763.76 8260.11 6446.11 5815.69 8879.92 
7203.58 8277.59 4636.24 3611.86 4221.87 5794.36 8504.89 4758.73 8917.47 9268.37 4159.89 8237.60 10953.38 8041.97 0.00 3005.93 7082.17 5620.78 8546.02 6836.96 5792.64 5517.52 3055.57 7214.38 8062.69 7695.61 153.57 2317.53 5495.35 8786.74 1967.59 7257.95 11448.29 1900.17 6125.72 2522.86 7462.34 5564.45 1971.38 1187.29 4093.66 6750.98 5809.05 9116.51 7093.96 6460.16 7243.79 3271.82 9589.39 8824.07 6994.40 222.15 7849.33 6534.70 5353.57 2836.46 8835.94 11285.14 6716.72 6019.44 7742.96 5967.94 9333.39 7378.70 5340.29 6369.86 7134.84 7150.55 4063.31 6895.49 4823.21 2988.72 8626.43 8874.27 7660.25 5535.13 6981.61 6930.71 8672.73 6479.74 7048.14 6186.70 4959.32 6449.12 7707.27 1159.05 2335.30 6877.71 2870.60 5152.26 1753.12 7195.52 10476.35 7090.48 1276.27 7025.74 8194.75 1678.00 6844.03 8388.31 5817.79 5415.01 4010.93 4341.72 10099.12 3253.21 6318.41 3182.94 7366.54 5524.41 7484.46 8331.62 8351.02 10020.49 1429.25 4359.41 846.39 2340.11 10262.72 857.59 
4197.65 5796.47 4603.41 678.73 1927.25 3249.84 8859.96 5693.23 6320.46 6702.30 2913.98 8462.63 8976.90 5074.97 3005.93 0.00 4175.37 6034.04 6083.51 3954.78 6269.03 4313.74 2966.33 6341.63 7518.20 6129.96 2872.34 4282.08 4787.28 8095.88 1476.04 4415.52 9477.25 1327.75 6747.25 1774.09 4548.85 2937.30 2956.31 3036.26 1224.90 6244.45 4290.52 6831.83 6954.57 3789.65 4296.59 2686.11 7360.34 5881.03 6268.65 3225.39 7299.97 4010.57 3479.14 2719.65 6981.82 9197.96 5348.44 6415.31 6890.46 4492.91 6956.97 7190.95 5845.38 6282.93 6247.80 5249.02 2173.14 3938.00 4640.55 1058.24 7123.06 6428.71 8120.89 4341.02 7584.82 4295.14 7222.58 3551.18 4068.39 4752.47 2638.95 4150.36 8129.68 1847.75 3177.86 4463.08 1545.36 2357.79 1475.35 4273.44 7908.40 4087.08 3484.32 5828.40 5881.99 1429.77 4735.47 5387.99 2871.48 2412.56 3464.27 1386.10 7475.18 4864.57 3511.98 2369.80 5401.04 3514.59 6415.05 5495.38 5626.28 8434.62 1694.10 1645.22 3189.21 1656.77 7709.32 3860.33 
1407.53 2526.01 6164.53 3509.53 4391.35 1843.74 9612.26 7832.55 2638.33 3032.04 4262.07 9120.74 6141.58 2617.05 7082.17 4175.37 0.00 7522.72 2778.67 284.09 7757.33 4530.26 5492.40 6042.37 7342.25 4750.28 6965.35 7646.24 5426.67 7562.74 5191.09 3217.19 6590.21 5496.73 8268.69 5684.71 2837.76 1813.56 6267.58 7208.65 2994.64 6513.45 4010.86 3758.72 7492.52 1242.96 2486.68 4994.79 4297.25 1757.55 6215.90 7304.18 7175.66 1699.63 3272.56 5419.64 4763.71 6139.76 4676.58 7769.29 6436.65 4144.46 3658.86 7598.98 7495.21 7094.93 5961.37 3612.73 3560.70 465.16 6014.28 4798.57 5521.22 3081.63 9143.56 4553.67 8890.10 1325.97 5686.81 2522.45 680.16 4304.36 2646.19 2348.70 9103.25 5958.47 6271.86 2074.64 5292.08 3291.01 5353.36 155.71 4112.32 1608.88 7192.78 5218.82 3010.75 5603.30 2947.36 1730.27 2489.39 2184.58 5159.88 3199.24 3610.96 7829.00 3175.11 4771.31 3547.39 3009.88 5781.39 1376.71 1745.67 6378.56 5662.54 3702.38 7036.41 4989.82 3954.97 7936.05 
8567.29 6823.64 1478.45 5987.98 7958.52 5688.51 2923.32 1161.88 7603.61 7762.77 3497.41 2619.82 7581.54 9823.09 5620.78 6034.04 7522.72 0.00 6951.05 7249.23 244.93 3054.66 3099.62 2868.30 2942.98 4405.51 5679.23 3616.93 2164.84 3714.96 4869.91 9740.55 7982.73 6253.24 761.08 7188.96 9641.57 5803.47 3732.23 6764.76 5947.44 2005.81 3639.10 6879.30 1703.43 6304.04 9286.45 3352.04 7085.74 8994.96 2499.70 5687.58 2782.52 5946.57 4250.79 3367.22 5704.65 8095.86 3566.89 404.03 3152.21 3579.08 7271.90 1985.33 300.20 1135.24 2851.58 4811.55 4421.26 7692.37 1546.42 6940.82 4869.42 7130.43 2117.51 3036.60 1552.18 6450.21 4803.34 8754.61 7972.86 3542.04 5022.17 5372.35 2143.36 5630.55 3358.74 5837.12 7249.17 8079.02 5080.05 7678.38 8697.09 8624.79 4426.90 3364.81 6328.34 6041.89 5116.42 9252.97 8146.39 7433.63 2661.75 7023.91 8579.03 2760.54 9036.80 3673.49 5053.03 4517.79 3361.75 8050.63 7627.82 6066.06 5196.81 7559.17 4795.74 4473.90 8482.47 5870.34 
4117.98 290.16 5947.72 5423.97 6882.65 2837.42 8275.83 7644.88 683.19 824.72 4680.60 7776.92 3363.68 5152.04 8546.02 6083.51 2778.67 6951.05 0.00 2758.03 7144.01 4027.97 6089.98 4595.72 5712.36 2908.30 8464.58 8363.47 4828.43 5678.97 6584.05 5958.96 3812.30 7365.35 7596.15 7813.73 5539.01 3147.69 7165.69 8999.43 4882.35 5338.87 3441.77 986.15 6298.15 2348.94 5212.05 5638.59 1518.59 2903.40 4894.84 8755.79 5606.52 2073.92 3350.41 6145.08 2294.80 3375.77 3426.59 7064.56 4792.69 3435.60 913.60 6301.99 7036.10 6156.28 4544.92 2143.02 4492.02 3243.38 5717.02 6962.95 3304.30 346.65 8028.65 4036.25 7989.53 1847.08 3480.51 5300.76 3434.79 3421.84 3594.95 2109.89 7961.46 7569.67 7023.34 1669.40 7488.14 5927.01 6821.02 2838.35 1957.57 4345.77 8249.86 3798.10 644.38 7390.83 1934.81 3798.85 5210.26 4759.44 5363.99 5548.68 1682.29 8220.12 5949.79 5560.92 1911.14 3114.51 4170.02 1944.06 1270.19 3798.87 7151.24 6167.74 8238.31 6215.95 1736.82 9340.88 
1565.24 2491.54 5885.41 3283.47 4272.89 1565.09 9365.32 7550.68 2688.22 3086.58 3978.29 8875.34 6108.09 2813.97 6836.96 3954.78 284.09 7249.23 2758.03 0.00 7484.56 4267.06 5209.74 5816.15 7121.16 4567.71 6722.27 7368.79 5161.10 7360.72 4934.23 3324.41 6566.23 5280.20 7996.70 5501.73 2973.89 1529.51 5992.65 6990.87 2759.37 6268.08 3756.13 3724.69 7243.95 994.82 2612.71 4711.99 4270.94 2025.02 5980.57 7058.78 6951.07 1475.33 3000.88 5138.74 4649.39 6132.79 4450.76 7499.30 6221.55 3894.82 3656.53 7355.56 7218.83 6835.66 5733.75 3423.78 3278.57 563.13 5737.26 4616.32 5366.22 3075.91 8886.52 4290.89 8624.67 1156.74 5529.06 2566.49 837.42 4061.71 2362.10 2122.93 8847.55 5720.22 5993.07 1889.00 5117.53 3215.12 5101.95 436.81 4205.92 1741.83 6925.68 4997.93 2930.48 5379.01 2748.43 2005.29 2456.43 2075.32 4876.56 3037.98 3715.86 7546.12 3202.02 4490.19 3374.00 2741.02 5568.71 1550.53 1827.04 6269.93 5413.96 3573.02 6775.58 4723.21 4038.44 7689.15 
8808.44 7022.13 1722.87 6229.16 8194.42 5925.09 2725.64 1211.06 7800.52 7952.56 3742.28 2446.40 7688.48 10065.31 5792.64 6269.03 7757.33 244.93 7144.01 7484.56 0.00 3276.72 3327.30 2976.47 2944.14 4556.33 5855.34 3741.25 2381.62 3708.93 5090.64 9985.42 8080.97 6468.68 517.50 7405.26 9885.85 6043.30 3924.99 6944.86 6191.48 2102.63 3857.17 7049.26 1680.73 6536.12 9530.50 3589.38 7242.36 9219.84 2605.55 5852.85 2797.14 6173.71 4484.85 3593.19 5844.33 8209.68 3744.60 253.82 3224.26 3790.98 7445.53 1950.88 456.52 1199.21 2966.77 5002.05 4666.18 7930.54 1790.34 7169.23 4981.22 7316.92 1904.80 3257.92 1315.83 6675.74 4907.87 8999.47 8211.52 3744.82 5264.30 5594.45 1937.01 5834.07 3553.29 6055.56 7471.91 8322.15 5296.86 7912.94 8871.50 8867.04 4583.37 3516.04 6517.70 6254.59 5324.11 9487.58 8391.30 7678.56 2905.70 7266.45 8763.20 2857.43 9281.49 3911.44 5240.90 4750.50 3476.10 8270.86 7840.54 6147.41 5406.49 7799.37 4961.73 4700.57 8658.13 6015.85 
5686.73 3861.41 1919.76 3955.64 6033.01 2743.93 5160.40 3623.67 4643.98 4852.56 1463.77 4685.50 5552.55 6965.56 5517.52 4313.74 4530.26 3054.66 4027.97 4267.06 3276.72 0.00 2521.11 2036.02 3276.86 2197.34 5492.50 4613.20 902.07 3795.64 3849.15 7078.27 6032.09 5141.71 3775.25 5950.62 6895.87 2933.06 3698.44 6361.48 3677.73 2129.97 596.38 4169.86 3046.57 3292.23 6526.85 2246.09 4509.57 5943.90 2013.16 5685.16 3066.63 2903.61 1304.89 2698.08 3433.76 5954.70 1199.49 3260.67 2580.33 602.94 4512.73 3205.48 3082.66 2574.16 1941.44 1988.08 2164.18 4751.00 1691.72 5368.89 3108.94 4257.16 4629.09 29.01 4360.92 3401.22 3157.56 6109.06 5038.34 722.60 2283.89 2317.89 4595.07 4903.55 3435.22 2784.71 5825.96 5761.15 4125.03 4684.69 5899.79 5780.06 4799.41 1559.71 3448.32 5030.40 2114.66 6254.16 5587.22 4866.21 1585.55 4807.95 5702.30 4289.33 6515.23 2376.72 2242.64 1536.78 2113.77 4996.10 4587.20 4503.42 4402.50 5456.24 4940.50 3365.75 5677.81 6150.03 
6188.57 5859.02 1760.83 3030.23 4892.48 3753.74 5988.34 2749.10 6594.75 6887.61 1410.19 5628.37 8059.00 7344.96 3055.57 2966.33 5492.40 3099.62 6089.98 5209.74 3327.30 2521.11 0.00 4164.48 5084.59 4718.44 3052.50 2278.66 2443.22 5780.49 1789.44 7015.70 8543.44 3192.72 3791.49 4118.92 7011.56 3688.23 1177.58 4024.54 3131.84 3760.19 2910.43 6466.46 4252.93 4478.04 6687.37 498.39 6877.99 7200.70 3959.94 3204.74 4866.60 4340.28 2740.00 273.87 5933.88 8439.94 3713.09 3492.72 4698.98 3037.24 6751.76 4521.13 2891.97 3536.09 4083.35 4346.63 1932.84 5501.98 1881.16 3841.92 5613.35 6381.61 5211.15 2534.87 4640.48 4831.97 5648.08 6049.92 5744.88 3226.15 2869.86 4019.23 5229.57 2678.43 946.04 4512.42 4154.81 5156.66 2022.32 5639.36 8044.17 6180.18 2283.62 3982.83 5616.88 3001.28 4203.86 7132.77 5389.65 4725.44 960.11 4092.55 7751.40 2337.04 6213.04 753.49 4586.78 2985.72 4429.25 6444.62 6251.53 7008.35 2197.09 4554.85 2423.91 1374.53 7821.86 3636.90 
7345.82 4551.93 2739.33 5991.01 8066.06 4460.23 3695.51 3919.66 5278.73 5341.28 3447.55 3194.74 4713.98 8619.94 7214.38 6341.63 6042.37 2868.30 4595.72 5816.15 2976.47 2036.02 4164.48 0.00 1316.62 1727.48 7216.19 5816.45 1721.50 1759.73 5748.71 8898.65 5115.40 7098.94 3304.94 7941.74 8659.85 4727.07 5269.96 8175.31 5697.99 878.01 2241.20 4275.27 1725.52 4826.17 8287.05 4047.10 4377.72 7140.12 371.19 7353.26 1135.85 4343.65 3176.87 4402.18 2918.19 5233.21 1365.83 2807.93 552.59 2048.78 4692.21 1706.60 3079.47 1794.23 94.83 2567.90 4200.20 6355.76 2496.30 7393.35 2004.76 4687.59 3444.30 2007.85 3491.84 4752.99 1935.05 7957.71 6642.91 1819.68 4218.25 3694.49 3372.72 6767.11 4936.94 4013.21 7839.71 7743.64 6019.49 6186.59 6101.52 7478.13 6287.95 837.89 3952.02 6965.07 3139.45 7684.86 7491.20 6782.27 3227.75 6821.62 6077.22 5200.10 8419.43 4254.94 2743.27 3326.46 504.82 6121.54 5560.53 3224.75 6266.38 7478.52 6525.17 5264.21 5900.59 7730.93 
8657.26 5706.23 3430.76 7215.10 9297.45 5776.83 2624.12 4103.22 6391.72 6403.72 4604.22 2144.59 5142.12 9929.22 8062.69 7518.20 7342.25 2942.98 5712.36 7121.16 2944.14 3276.86 5084.59 1316.62 0.00 2807.69 8084.53 6384.15 2746.57 775.01 6783.58 10214.87 5457.75 8169.97 3076.15 9047.02 9976.13 6041.96 6091.41 9100.19 6954.38 1324.83 3545.35 5245.68 1272.11 6134.24 9603.32 5063.51 5238.73 8374.78 1264.12 8177.47 220.27 5646.48 4477.29 5344.34 3741.44 5704.67 2672.84 2708.45 929.82 3357.53 5667.80 1037.77 3224.62 1843.60 1405.56 3805.17 5421.21 7664.44 3240.15 8556.88 2658.18 5755.88 2623.89 3247.92 2922.28 6041.48 2517.10 9272.21 7950.85 3134.08 5513.63 4998.23 2530.26 7754.20 5731.79 5295.41 8980.12 9028.30 7045.17 7484.51 7025.62 8792.16 7016.83 2123.57 5079.57 8014.15 4416.29 8964.78 8798.94 8087.09 4216.53 8084.77 7073.15 5626.41 9727.84 5311.47 3950.47 4636.92 1584.33 7351.01 6762.40 3463.94 7262.19 8731.89 7310.75 6307.98 6840.77 8483.88 
6132.91 2899.13 3813.11 5630.53 7596.64 3496.65 5372.39 5320.57 3589.85 3626.47 3557.66 4874.92 3387.67 7367.30 7695.61 6129.96 4750.28 4405.51 2908.30 4567.71 4556.33 2197.34 4718.44 1727.48 2807.69 0.00 7663.26 6756.58 2583.22 2856.36 5944.06 7833.27 3855.12 7141.91 4944.77 7868.44 7525.85 3829.37 5895.69 8486.69 5214.19 2549.53 1912.97 2550.09 3452.81 3637.71 7157.70 4427.22 2689.03 5603.35 2062.95 7869.00 2698.22 3126.88 2652.21 4891.91 1325.35 3829.81 1020.56 4424.86 1884.67 1736.16 2965.59 3424.68 4562.50 3438.95 1692.53 1147.43 3988.23 5129.56 3552.16 7177.27 993.10 2973.46 5169.46 2183.75 5207.39 3424.35 1101.17 6958.42 5403.79 1508.98 3604.22 2526.13 5095.96 7010.45 5627.51 2679.22 7675.32 7028.62 6219.09 4879.08 4379.25 6301.38 6994.95 1040.85 2272.47 7065.18 1833.83 6272.10 6600.66 5941.88 3777.12 6253.47 4350.22 6325.15 7501.82 4523.03 1210.28 2654.32 1269.09 4578.81 3969.57 2346.24 6516.25 6934.18 7136.74 5472.17 4176.11 8344.73 
7069.40 8194.47 4663.39 3485.82 4068.81 5700.87 8572.38 4838.00 8827.58 9181.08 4118.35 8298.08 10905.58 7899.30 153.57 2872.34 6965.35 5679.23 8464.58 6722.27 5855.34 5492.50 3052.50 7216.19 8084.53 7663.26 0.00 2428.92 5495.42 8803.47 1880.83 7109.16 11401.49 1749.74 6197.45 2370.62 7316.24 5465.22 1998.97 1097.79 3973.83 6769.26 5770.09 9047.25 7132.37 6360.87 7099.79 3246.74 9524.34 8704.21 7002.72 355.87 7870.16 6444.88 5293.35 2825.12 8791.21 11231.19 6690.65 6079.36 7747.97 5932.22 9258.75 7415.89 5401.58 6407.39 7135.57 7098.17 3989.56 6772.79 4844.41 2836.93 8600.34 8794.47 7730.30 5510.73 7056.14 6834.81 8649.62 6334.95 6922.22 6154.39 4873.74 6372.18 7775.63 1024.71 2368.37 6795.48 2717.10 5003.79 1655.08 7077.21 10390.28 6954.04 1379.85 7010.00 8121.96 1530.39 6779.17 8257.94 5674.53 5278.62 4002.76 4200.74 10008.64 3355.49 6169.14 3143.40 7311.43 5458.43 7477.30 8222.58 8251.11 9993.23 1327.21 4210.55 940.01 2272.21 10177.46 988.08 
8166.37 8135.67 3077.55 4650.67 5994.40 5984.75 6369.26 2588.96 8873.37 9164.41 3687.80 6160.64 10142.62 9220.96 2317.53 4282.08 7646.24 3616.93 8363.47 7368.79 3741.25 4613.20 2278.66 5816.45 6384.15 6756.58 2428.92 0.00 4227.16 7150.52 2808.88 8682.61 10611.52 3730.40 3986.32 4583.91 8774.69 5879.04 1401.49 3499.79 4949.57 5160.80 5090.61 8702.81 5254.14 6709.70 8489.84 2753.38 9089.82 9386.08 5520.68 2300.54 6188.67 6604.71 5015.97 2267.30 8037.98 10562.54 5736.48 3988.06 6282.24 5186.12 9003.70 5544.35 3318.23 4564.45 5754.92 6548.11 4118.58 7596.90 3325.56 4752.39 7558.65 8650.29 5513.19 4619.73 4808.54 7088.00 7560.78 7778.65 7815.46 5335.73 5089.28 6297.89 5572.59 2895.76 1383.96 6790.60 4827.50 6639.51 2827.80 7786.32 10314.76 8117.51 1053.30 5878.37 7876.39 3473.85 6462.61 9212.04 7095.21 6522.43 3057.45 5642.93 10028.62 959.61 7791.81 2907.75 6795.87 5264.13 6195.63 8679.84 8517.02 8928.46 2705.50 5903.49 1498.40 2775.24 10092.06 2315.86 
6558.21 4684.10 1230.94 4530.25 6609.31 3624.45 4334.72 2835.83 5466.90 5648.53 1881.97 3874.98 5959.78 7833.41 5495.35 4787.28 5426.67 2164.84 4828.43 5161.10 2381.62 902.07 2443.22 1721.50 2746.57 2583.22 5495.42 4227.16 0.00 3385.13 4057.51 7892.63 6415.14 5431.50 2875.80 6301.59 7733.44 3790.92 3561.05 6455.93 4331.46 1457.36 1475.55 4859.72 2256.75 4191.17 7367.29 2342.13 5138.88 6843.53 1539.73 5637.34 2526.58 3805.62 2174.21 2681.19 3902.14 6412.68 1592.30 2359.11 2259.97 1417.11 5229.78 2455.12 2215.68 1708.33 1640.16 2713.52 2757.86 5636.24 970.98 5817.55 3332.74 5031.24 3759.04 881.19 3463.61 4302.22 3333.86 6914.68 5922.38 1407.38 3085.26 3215.19 3731.05 5058.67 3238.80 3673.94 6234.71 6461.76 4324.36 5581.47 6642.25 6642.15 4603.38 1651.88 4221.95 5283.68 2958.63 7152.69 6363.39 5639.65 1509.92 5463.55 6483.20 3743.88 7285.30 2572.49 2964.32 2422.28 2008.51 5889.53 5463.40 4702.34 4559.87 6083.13 4819.99 3576.69 6422.98 6030.56 
8917.94 5712.23 4168.70 7750.72 9825.09 6112.25 2993.54 4876.05 6343.45 6307.03 5192.02 2567.42 4659.53 10174.04 8786.74 8095.88 7562.74 3714.96 5678.97 7360.72 3708.93 3795.64 5780.49 1759.73 775.01 2856.36 8803.47 7150.52 3385.13 0.00 7442.45 10544.82 4927.76 8814.04 3813.63 9673.50 10276.00 6402.80 6817.60 9804.21 7452.94 2036.61 3970.81 5094.11 2029.47 6393.29 9904.04 5725.13 5006.66 8454.12 1847.55 8907.49 961.87 5890.64 4905.60 6034.31 3538.89 5231.74 2992.63 3469.42 1224.86 3771.28 5510.72 1773.74 3998.28 2618.47 1854.42 3957.63 5959.73 7915.89 3966.20 9145.04 2434.38 5675.61 3178.42 3767.41 3575.86 6241.55 2268.31 9624.78 8197.48 3526.42 5949.34 5253.08 3077.22 8434.56 6462.80 5490.30 9584.75 9479.63 7708.58 7698.05 6805.98 9069.46 7763.81 2432.67 5070.23 8668.69 4615.48 9123.51 9189.20 8489.55 4884.45 8573.07 6909.40 6400.20 10113.62 5956.61 4059.84 5032.26 1822.22 7430.62 6809.77 2949.04 7938.27 9233.27 8047.68 6961.81 6635.88 9228.98 
5482.39 6313.65 3547.02 1877.88 3290.38 3828.31 7773.41 4366.47 6949.89 7301.36 2397.92 7417.54 9099.21 6463.25 1967.59 1476.04 5191.09 4869.91 6584.05 4934.23 5090.64 3849.15 1789.44 5748.71 6783.58 5944.06 1880.83 2808.88 4057.51 7442.45 0.00 5876.02 9598.27 1406.42 5534.61 2329.48 5982.51 3606.62 1489.12 2547.88 2263.04 5463.22 4031.29 7179.91 6025.60 4501.43 5710.02 1720.13 7665.43 6946.32 5596.89 2182.31 6563.54 4567.12 3458.01 1515.82 7002.83 9401.97 5019.80 5267.87 6298.64 4210.43 7383.18 6287.81 4645.17 5314.85 5660.33 5283.79 2120.93 5048.92 3649.79 2126.73 6911.65 6914.58 6986.74 3871.50 6394.87 4966.57 6979.12 4984.23 5229.77 4450.56 2993.09 4495.04 7008.71 1066.93 1744.09 4914.83 2383.22 3833.46 276.16 5313.71 8510.00 5405.44 2073.78 5406.54 6249.27 1231.52 4924.20 6606.97 4300.50 3763.71 2567.32 2836.12 8131.55 3403.01 4982.98 1494.25 5485.83 3603.86 5932.02 6398.16 6392.16 8289.91 583.73 3112.50 1854.29 485.65 8296.90 2791.39 
1841.46 5723.06 8269.51 4055.13 3173.88 4440.14 12225.62 9720.54 5696.04 6059.85 6243.15 11758.50 9314.35 1252.11 7257.95 4415.52 3217.19 9740.55 5958.96 3324.41 9985.42 7078.27 7015.70 8898.65 10214.87 7833.27 7109.16 8682.61 7892.63 10544.82 5876.02 0.00 9745.02 5361.42 10500.21 4996.19 504.02 4176.70 7318.65 6850.59 3884.30 9199.59 6689.82 6945.06 10122.77 4196.60 751.68 6586.29 7469.67 3702.11 9000.24 7461.60 10026.11 4707.45 5784.94 6831.22 7972.21 9262.93 7563.50 10062.21 9358.25 6867.12 6799.46 10282.50 9631.90 9597.68 8809.32 6686.73 5323.28 2771.74 8199.29 4294.19 8673.79 6237.13 11632.69 7106.12 11245.32 4475.40 8832.97 985.99 2539.43 7081.83 4807.91 5315.61 11612.26 6133.62 7484.27 5181.71 4561.90 2106.11 5890.65 3133.21 6951.94 1614.90 7896.23 8124.55 6227.79 5580.34 5999.49 2623.04 1626.06 2313.08 7103.42 3039.97 6429.06 9186.42 943.65 6276.88 6666.07 5592.77 8725.33 4191.96 4787.01 9591.02 6090.58 2898.61 7580.79 5947.42 6844.17 8068.00 
7905.32 4074.71 7633.87 8872.27 10563.02 6321.77 7914.97 9020.33 4065.86 3733.21 7290.34 7495.04 501.35 8850.10 11448.29 9477.25 6590.21 7982.73 3812.30 6566.23 8080.97 6032.09 8543.44 5115.40 5457.75 3855.12 11401.49 10611.52 6415.14 4927.76 9598.27 9745.02 0.00 10649.91 8364.86 11250.91 9306.73 6673.07 9719.75 12138.70 8365.72 5979.97 5652.08 2843.16 6605.53 6027.61 8994.23 8214.34 2295.36 6362.01 5483.06 11633.51 5500.79 5626.44 6144.88 8698.32 2615.21 583.71 4875.59 7896.13 4879.12 5509.74 2945.62 6444.13 8193.37 6884.50 5137.48 4314.62 7511.36 7055.18 7372.53 10457.30 3130.84 3513.16 8071.46 6021.26 8364.07 5565.75 3181.63 9112.63 7239.97 5318.17 6839.76 5340.51 7974.27 10657.32 9466.78 5110.72 10980.87 9690.16 9865.73 6645.18 3258.53 8139.39 10826.69 4779.68 3717.78 10617.89 4746.06 7406.95 9009.37 8519.05 7617.63 9198.60 3683.92 10155.66 9762.01 8267.64 4119.70 6028.35 4629.78 5592.48 4963.17 1994.08 10181.42 9851.15 10943.37 9151.26 3236.30 12140.23 
5423.85 7080.91 4952.34 2005.50 2344.07 4528.38 9166.33 5673.67 7628.96 8006.71 3678.41 8817.55 10148.56 6182.35 1900.17 1327.75 5496.73 6253.24 7365.35 5280.20 6468.68 5141.71 3192.72 7098.94 8169.97 7141.91 1749.74 3730.40 5431.50 8814.04 1406.42 5361.42 10649.91 0.00 6898.06 937.56 5579.22 4232.27 2666.17 1712.01 2548.48 6853.92 5242.37 8075.45 7431.65 5100.51 5375.17 3112.15 8592.64 7187.53 6966.49 2100.62 7949.71 5292.47 4539.58 2918.85 8101.73 10401.70 6272.84 6653.84 7651.09 5434.49 8223.61 7693.01 6018.55 6721.27 7008.58 6362.32 3167.57 5243.61 5056.00 1094.09 8127.42 7708.48 8370.55 5166.17 7763.12 5602.55 8209.60 4606.37 5358.16 5686.20 3835.01 5372.86 8395.77 847.84 2996.95 5721.95 1099.21 3257.53 1174.53 5591.09 9215.95 5288.73 2752.23 6699.27 7126.59 256.89 5908.23 6641.84 3957.83 3624.43 3959.99 2512.17 8790.16 4506.19 4420.44 2859.40 6537.79 4626.81 7249.64 6822.62 6949.88 9480.75 1094.46 2463.39 2356.58 1865.87 9014.10 2709.15 
9325.43 7483.11 2233.43 6725.40 8674.20 6438.64 2387.78 1397.37 8258.38 8398.88 4257.19 2184.53 7989.51 10582.72 6125.72 6747.25 8268.69 761.08 7596.15 7996.70 517.50 3775.25 3791.49 3304.94 3076.15 4944.77 6197.45 3986.32 2875.80 3813.63 5534.61 10500.21 8364.86 6898.06 0.00 7835.61 10402.60 6559.54 4310.65 7293.00 6698.37 2428.18 4349.89 7463.68 1810.66 7044.82 10047.53 4076.42 7633.67 9718.97 2935.53 6171.43 2958.81 6676.53 4996.17 4052.69 6209.23 8522.42 4179.64 531.60 3486.10 4275.64 7865.60 2042.34 901.99 1513.94 3307.18 5453.23 5179.41 8445.41 2307.47 7629.57 5300.06 7758.43 1536.14 3755.58 868.08 7176.34 5213.98 9514.32 8726.79 4216.94 5781.70 6090.98 1589.13 6237.00 3944.82 6546.87 7917.83 8824.86 5731.27 8424.24 9291.40 9384.45 4888.73 3910.58 6964.74 6677.85 5800.71 9998.79 8904.02 8192.31 3413.28 7767.08 9199.61 3059.43 9791.89 4399.69 5687.52 5260.32 3809.59 8763.77 8322.74 6405.03 5824.32 8292.00 5285.32 5159.32 9080.35 6291.23 
5374.55 7524.70 5875.15 2397.19 1828.41 4996.14 10099.68 6607.04 8007.00 8396.42 4497.98 9746.87 10750.67 5956.35 2522.86 1774.09 5684.71 7188.96 7813.73 5501.73 7405.26 5950.62 4118.92 7941.74 9047.02 7868.44 2370.62 4583.91 6301.59 9673.50 2329.48 4996.19 11250.91 937.56 7835.61 0.00 5286.00 4669.38 3591.76 1861.39 2932.45 7738.24 5996.41 8589.36 8343.71 5486.41 5137.16 4009.85 9122.33 7287.89 7827.67 2683.61 8826.81 5749.24 5227.54 3845.29 8752.20 10967.43 7044.75 7589.06 8494.28 6194.62 8699.39 8601.42 6955.56 7637.70 7849.94 7016.73 3882.45 5369.23 5970.56 886.14 8860.30 8160.15 9306.43 5976.32 8700.57 5995.45 8952.86 4370.28 5436.01 6451.33 4413.02 5920.00 9330.93 1697.38 3929.10 6217.53 439.66 2963.78 2108.92 5757.63 9591.59 5205.12 3566.36 7497.23 7640.61 1166.92 6509.53 6617.95 3784.68 3620.51 4854.05 2507.85 9139.12 5399.62 4058.21 3740.45 7172.75 5278.70 8064.39 7050.57 7261.27 10188.39 2024.45 2206.96 3142.25 2770.70 9399.36 3214.07 
1433.77 5311.98 8180.99 4124.65 3486.95 4204.02 12055.24 9681.39 5247.69 5604.70 6151.53 11581.31 8883.25 769.06 7462.34 4548.85 2837.76 9641.57 5539.01 2973.89 9885.85 6895.87 7011.56 8659.85 9976.13 7525.85 7316.24 8774.69 7733.44 10276.00 5982.51 504.02 9306.73 5579.22 10402.60 5286.00 0.00 3968.00 7393.38 7124.66 3889.68 9002.32 6477.40 6524.53 9941.86 3892.34 372.81 6564.58 7041.86 3206.56 8779.44 7671.06 9792.60 4401.68 5593.24 6842.30 7601.28 8816.25 7311.01 9950.59 9103.94 6647.23 6363.25 10090.19 9547.44 9441.74 8572.26 6378.58 5247.93 2412.04 8095.68 4538.36 8339.95 5807.36 11487.79 6923.10 11126.67 4130.63 8502.33 998.72 2158.15 6851.82 4653.76 5026.74 11463.05 6321.35 7535.98 4855.34 4847.49 2335.73 6019.82 2740.03 6472.03 1232.77 8030.93 7870.00 5837.23 5786.39 5694.53 2122.03 1682.09 2287.89 7030.86 3162.80 5949.48 9232.25 1256.16 6263.64 6342.66 5385.02 8462.89 3732.84 4343.74 9214.48 6240.11 3125.78 7735.49 6013.64 6369.02 8287.57 
2772.01 2859.91 4400.51 2276.44 3911.92 356.69 8093.12 6041.07 3400.92 3775.23 2454.03 7616.19 6179.66 4043.32 5564.45 2937.30 1813.56 5803.47 3147.69 1529.51 6043.30 2933.06 3688.23 4727.07 6041.96 3829.37 5465.22 5879.04 3790.92 6402.80 3606.62 4176.70 6673.07 4232.27 6559.54 4669.38 3968.00 0.00 4523.38 5896.09 1736.96 5034.47 2514.07 3932.94 5976.13 895.73 3597.48 3189.89 4474.56 3514.78 4823.59 5782.62 5851.06 1080.23 1628.24 3629.63 4338.24 6343.68 3410.36 6078.25 5199.85 2690.44 4030.06 6122.19 5751.64 5495.87 4636.81 2733.97 1764.92 1899.81 4269.96 3828.97 4766.74 3493.51 7549.50 2959.83 7231.42 1378.90 4905.19 3230.69 2174.33 2907.88 833.12 1384.19 7519.69 4511.30 4496.98 1568.00 4355.37 3207.97 3811.57 1964.51 4985.79 2851.27 5505.83 3971.19 2990.24 4274.75 2081.62 3507.36 2793.47 2115.13 3356.64 2540.85 4571.11 6022.31 3713.03 2980.87 2799.83 1418.25 4580.88 2824.30 2786.61 5915.37 4138.06 3210.36 5398.81 3324.99 4782.48 6397.62 
6764.89 6922.06 2665.48 3270.00 4769.25 4654.80 6650.50 3025.12 7634.32 7946.39 2512.19 6348.74 9234.41 7825.60 1971.38 2956.31 6267.58 3732.23 7165.69 5992.65 3924.99 3698.44 1177.58 5269.96 6091.41 5895.69 1998.97 1401.49 3561.05 6817.60 1489.12 7318.65 9719.75 2666.17 4310.65 3591.76 7393.38 4523.38 0.00 3054.03 3550.40 4781.24 4079.50 7595.98 5136.18 5375.59 7102.06 1544.61 8022.78 8015.06 5036.49 2091.05 5878.28 5311.61 3827.24 1038.21 7108.80 9610.44 4888.58 4135.88 5790.48 4211.52 7865.34 5418.70 3468.47 4410.74 5193.34 5503.04 2782.20 6204.47 2852.47 3570.83 6785.04 7469.52 5823.93 3711.97 5178.42 5778.33 6816.01 6400.25 6419.19 4403.31 3758.58 5066.26 5860.79 1935.92 375.21 5545.03 3746.62 5306.74 1580.44 6405.19 9123.24 6716.90 1111.94 5142.90 6723.95 2425.47 5318.33 7815.28 5718.16 5130.33 2126.76 4285.60 8805.32 1914.12 6443.42 1609.57 5738.99 4051.86 5565.81 7340.94 7217.19 8179.24 1571.85 4598.76 1260.11 1381.09 8902.39 2473.52 
7096.27 8719.17 5699.92 3710.96 3689.19 6174.22 9664.98 5935.74 9296.81 9668.13 4931.43 9384.54 11638.82 7773.87 1187.29 3036.26 7208.65 6764.76 8999.43 6990.87 6944.86 6361.48 4024.54 8175.31 9100.19 8486.69 1097.79 3499.79 6455.93 9804.21 2547.88 6850.59 12138.70 1712.01 7293.00 1861.39 7124.66 5896.09 3054.03 0.00 4248.73 7778.28 6575.21 9661.23 8186.68 6777.45 6956.81 4143.16 10162.60 8896.60 7982.93 1210.34 8883.58 6936.30 5993.99 3776.14 9548.65 11929.11 7547.13 7166.17 8715.86 6751.07 9836.10 8467.47 6490.09 7460.99 8091.37 7824.57 4634.27 6953.17 5866.77 2601.81 9447.93 9338.84 8824.70 6382.14 8152.74 7273.70 9509.97 6186.00 7062.10 6987.03 5420.66 6956.60 8868.97 1482.58 3428.44 7338.85 2289.87 4790.85 2276.14 7303.01 10879.94 6948.08 2463.42 7907.03 8718.68 1624.82 7436.53 8325.60 5569.19 5302.54 4947.56 4178.41 10466.12 4439.94 5909.71 3984.76 8021.24 6123.47 8404.70 8531.11 8642.56 10831.10 1970.72 4010.24 2031.66 3014.58 10674.32 1515.70 
3230.27 4593.71 4469.30 547.95 2395.36 2067.37 8608.53 5844.13 5099.61 5483.59 2500.05 8172.46 7868.15 4278.89 4093.66 1224.90 2994.64 5947.44 4882.35 2759.37 6191.48 3677.73 3131.84 5697.99 6954.38 5214.19 3973.83 4949.57 4331.46 7452.94 2263.04 3884.30 8365.72 2548.48 6698.37 2932.45 3889.68 1736.96 3550.40 4248.73 0.00 5759.64 3505.42 5663.16 6581.96 2569.31 3577.35 2705.47 6200.44 4730.55 5690.38 4315.81 6743.26 2816.98 2600.29 2953.87 5937.27 8058.62 4551.60 6294.95 6228.74 3710.16 5767.02 6786.58 5810.91 5971.53 5603.21 4235.75 1578.52 2805.07 4436.51 2098.13 6198.90 5228.60 7939.35 3706.64 7484.54 3076.56 6315.32 2919.12 2972.34 3967.31 1612.03 3026.03 7932.24 2963.90 3661.02 3291.68 2624.29 2146.17 2389.76 3103.88 6687.48 3169.67 4327.83 5076.63 4716.43 2627.78 3661.69 4344.24 2258.46 1602.47 3285.78 1133.91 6251.23 5348.71 3105.37 2393.34 4357.92 2560.44 5686.58 4287.09 4401.93 7452.72 2685.63 1780.54 4114.92 2176.07 6489.94 4949.85 
